1 10.3790543
2 2.9160144
3 8.5535736
4 1.3436331
5 3.6907521
6 1.3424381
7 5.5222838
8 8.9305378
9 2.9178808
10 0.2256080
11 5.0066705
12 4.2085375
13 1.4695936
14 3.9157733
15 6.5250303
16 7.9712598
17 1.1461656
18 1.1839395
19 1.8793308
20 3.4548964
21 3.1563812
22 1.7993152
23 0.7064938
24 2.9228386
25 2.5087878
26 1.6023584
27 7.1126096
28 0.5316849
29 1.8763847
30 1.0972251
31 0.2792282
32 2.5266758
33 6.1470656
34 1.5041143
35 1.4633642
36 11.3962680
37 5.4308874
38 4.3362966
39 10.9860006
40 6.1373607
41 7.1782327
42 2.3399246
43 5.0312383
44 5.9980702
45 4.0851534
46 8.8193009
47 6.7260728
48 9.4800876
49 10.4886885
50 6.6865892
51 5.2026538
52 0.3762742
53 6.3218932
54 13.1807968
55 17.5774902
56 12.5297771
57 0.5883129
58 3.2483002
59 9.5987295
60 11.0502207
61 6.4452363
62 4.2767068
63 10.5636568
64 3.0827499
65 2.4298658
66 8.6078801
67 4.4919680
68 21.6500040
69 1.4194348
70 10.4937542
71 34.9846695
72 17.0297065
73 24.8248533
74 18.7207702
75 4.7792261
76 0.1779072
77 5.3645335
78 19.4968670
79 20.9562474
80 18.8080634
81 9.1625404
82 4.0062909
83 18.0738012
84 2.3550032
85 1.3526713
86 55.6714203
87 7.1607278
88 35.0555674
89 19.6095896
90 75.9470516
91 13.6213159
92 41.4858709
93 89.1460783
94 43.8363958
95 29.5644406
96 250.1433587
97 52.4053814
98 66.0854598
99 217.2838331
100 297.9796793